0 0.326259765625 0.810484375 0.05111328125 0.061078125000000004
0 0.52458984375 0.707921875 0.06935546875 0.09423437500000001
0 0.483095703125 0.885703125 0.04740234375 0.043546875
0 0.7192578125 0.85346875 0.055859375 0.053296875
0 0.85513671875 0.658296875 0.02822265625 0.0315625
0 0.878212890625 0.5559999999999999 0.05662109375 0.0798125
0 0.787236328125 0.347140625 0.05576171875 0.085375
0 0.927919921875 0.228578125 0.05482421875 0.061312500000000006
0 0.836494140625 0.124140625 0.03 0.03425
0 0.789453125 0.12342187499999999 0.03357421875 0.02146875
0 0.655869140625 0.1255625 0.036279296875 0.028578125
0 0.73974609375 0.160359375 0.0140625 0.021484375