0 0.80234375 0.93203125 0.15390625 0.13203125
0 0.81015625 0.7921875 0.109375 0.1328125
0 0.78125 0.4890625 0.121875 0.0890625
0 0.77890625 0.5828125 0.040625 0.0890625
0 0.796875 0.690625 0.046875 0.06796875
0 0.48359375 0.31015625 0.0484375 0.046875
0 0.55 0.24453125 0.0734375 0.03203125
0 0.52109375 0.16328125 0.0328125 0.04921875
0 0.55078125 0.1015625 0.0578125 0.03125
0 0.68828125 0.1359375 0.04375 0.06328125
0 0.14296875 0.246875 0.0359375 0.04921875
0 0.353125 0.24609375 0.03125 0.02265625
0 0.234375 0.18515625 0.02421875 0.01640625
0 0.18515625 0.2 0.04375 0.01875
0 0.153125 0.2171875 0.01640625 0.0125