0 0.88203125 0.7625 0.21484375 0.3015625
0 0.73671875 0.47578125 0.075 0.1203125
0 0.88203125 0.55546875 0.075 0.04921875
0 0.803125 0.54765625 0.0546875 0.09140625
0 0.92265625 0.53671875 0.1046875 0.09609375
0 0.478125 0.7546875 0.128125 0.1515625
0 0.5046875 0.59609375 0.1921875 0.20546875
0 0.5640625 0.284375 0.11015625 0.234375
0 0.79765625 0.39140625 0.2109375 0.2703125
0 0.72109375 0.1921875 0.13984375 0.21015625
0 0.67421875 0.0671875 0.11328125 0.13359375
0 0.4359375 0.04765625 0.171875 0.0953125
0 0.29765625 0.1375 0.140625 0.171875
0 0.14453125 0.28046875 0.19375 0.18046875
0 0.1125 0.66328125 0.225 0.3640625
0 0.3234375 0.29375 0.3875 0.50234375