0 0.9078125 0.88984375 0.14921875 0.18984375
0 0.8890625 0.67734375 0.19140625 0.28828125
0 0.78125 0.46640625 0.10078125 0.1203125
0 0.75 0.35390625 0.07109375 0.08671875
0 0.73203125 0.24921875 0.0875 0.09140625
0 0.715625 0.1515625 0.04765625 0.0671875
0 0.6609375 0.06484375 0.0671875 0.09375
0 0.23671875 0.16484375 0.171875 0.1203125
0 0.3375 0.284375 0.053125 0.06015625
0 0.328125 0.34921875 0.0671875 0.06015625
0 0.1765625 0.40546875 0.0625 0.06484375
0 0.25546875 0.4453125 0.06171875 0.0828125
0 0.209375 0.36484375 0.075 0.12734375
0 0.27421875 0.29140625 0.09375 0.078125
0 0.35390625 0.2390625 0.0765625 0.0625
0 0.0734375 0.50703125 0.0484375 0.07578125
0 0.0984375 0.7796875 0.19609375 0.440625
0 0.3875 0.06015625 0.12421875 0.1203125