0 0.45546875 0.05234375 0.05703125 0.06953125
0 0.509375 0.33828125 0.08671875 0.2078125
0 0.6765625 0.1046875 0.08671875 0.0984375
0 0.78515625 0.50859375 0.2484375 0.52265625
0 0.43671875 0.73046875 0.2609375 0.5390625
0 0.415625 0.14140625 0.09765625 0.109375
0 0.28046875 0.296875 0.1140625 0.14765625
0 0.2046875 0.4890625 0.16015625 0.16953125
0 0.078125 0.746875 0.15625 0.2078125
0 0.0390625 0.35859375 0.078125 0.109375
0 0.1296875 0.2265625 0.16171875 0.12734375
0 0.14296875 0.32109375 0.165625 0.13359375
0 0.31171875 0.13203125 0.19375 0.21875