0 0.44453125 0.68984375 0.1328125 0.13359375
0 0.41953125 0.8203125 0.040625 0.0734375
0 0.3734375 0.86796875 0.09609375 0.08515625
0 0.3453125 0.9421875 0.0375 0.0625
0 0.46328125 0.934375 0.04453125 0.0515625
0 0.49140625 0.97421875 0.08359375 0.0515625
0 0.12109375 0.88984375 0.0671875 0.06953125
0 0.140625 0.590625 0.09765625 0.06953125
0 0.05546875 0.6984375 0.09453125 0.03984375
0 0.1875 0.45078125 0.1015625 0.14296875
0 0.25390625 0.3875 0.0921875 0.0828125
0 0.3140625 0.3078125 0.0640625 0.0890625
0 0.3546875 0.221875 0.0875 0.1046875
0 0.40859375 0.1515625 0.0671875 0.08515625
0 0.259375 0.19765625 0.08671875 0.1140625
0 0.1515625 0.2390625 0.0875 0.05390625
0 0.103125 0.3453125 0.20625 0.196875
0 0.3609375 0.1140625 0.140625 0.16953125
0 0.5109375 0.3703125 0.05859375 0.08515625
0 0.53203125 0.3 0.0796875 0.03359375
0 0.53046875 0.234375 0.09375 0.0890625
0 0.55546875 0.15703125 0.08125 0.1046875
0 0.56328125 0.059375 0.08203125 0.11796875
0 0.4609375 0.08359375 0.065625 0.0734375
0 0.47421875 0.0234375 0.07265625 0.046875
0 0.65 0.03125 0.0671875 0.0625
0 0.6875 0.14609375 0.08671875 0.13203125
0 0.70390625 0.23515625 0.04609375 0.046875
0 0.74921875 0.2078125 0.06953125 0.0890625
0 0.75625 0.3046875 0.16484375 0.15859375
0 0.7609375 0.4296875 0.07421875 0.1046875
0 0.77109375 0.53125 0.1015625 0.0890625
0 0.79296875 0.6015625 0.0625 0.03359375
0 0.871875 0.67734375 0.20078125 0.22109375