0 0.703125 0.28125 0.13984375 0.3125
0 0.4515625 0.828125 0.1265625 0.20078125
0 0.47578125 0.73984375 0.0921875 0.1140625
0 0.5 0.53359375 0.19375 0.6203125
0 0.5390625 0.20546875 0.07421875 0.17890625
0 0.48203125 0.02890625 0.07109375 0.04921875
0 0.42890625 0.03125 0.0796875 0.0625
0 0.44609375 0.08359375 0.08515625 0.06484375
0 0.390625 0.08671875 0.053125 0.09375
0 0.34296875 0.09453125 0.0671875 0.09140625
0 0.36484375 0.1609375 0.065625 0.0890625
0 0.3453125 0.24765625 0.09921875 0.08046875
0 0.24765625 0.36484375 0.15234375 0.13203125
0 0.25703125 0.15625 0.11015625 0.125
0 0.16015625 0.21171875 0.10625 0.11640625
0 0.0828125 0.2765625 0.065625 0.04921875
0 0.04765625 0.4375 0.09453125 0.17890625
0 0.08046875 0.659375 0.11875 0.11796875
0 0.08203125 0.80234375 0.08359375 0.10078125
0 0.03828125 0.8875 0.0765625 0.078125
0 0.87578125 0.55703125 0.0515625 0.15859375
0 0.84296875 0.7859375 0.03203125 0.05390625
0 0.88203125 0.97421875 0.12109375 0.0515625
0 0.653125 0.06171875 0.06953125 0.12265625