0 0.32890625 0.6078125 0.03828125 0.021875
0 0.43984375 0.53359375 0.03046875 0.01875
0 0.4140625 0.53046875 0.01796875 0.00625
0 0.46953125 0.515625 0.0296875 0.0125
0 0.734375 0.58203125 0.07265625 0.05546875
0 0.67578125 0.58125 0.0421875 0.02734375
0 0.6046875 0.60390625 0.04296875 0.025
0 0.603125 0.54140625 0.12421875 0.03046875
0 0.6109375 0.57421875 0.02578125 0.015625
0 0.403125 0.5703125 0.0203125 0.015625
0 0.4421875 0.50390625 0.01796875 0.0171875
0 0.4703125 0.49375 0.02890625 0.0265625
0 0.48203125 0.47265625 0.01875 0.00859375
0 0.4875 0.4640625 0.0171875 0.0046875
0 0.5 0.45390625 0.015625 0.00546875
0 0.5078125 0.44765625 0.009375 0.009375
0 0.56796875 0.50546875 0.034375 0.03046875
0 0.590625 0.4796875 0.0234375 0.01328125
0 0.60703125 0.49921875 0.01484375 0.01015625
0 0.628125 0.49453125 0.01953125 0.01171875
0 0.5578125 0.46875 0.034375 0.00703125
0 0.55703125 0.48125 0.028125 0.015625
0 0.5484375 0.45078125 0.0109375 0.0203125
0 0.684375 0.53671875 0.025 0.0203125