0 0.36328125 0.57734375 0.06328125 0.0390625
0 0.25859375 0.6171875 0.05390625 0.0375
0 0.525 0.5765625 0.03984375 0.02890625
0 0.57421875 0.5484375 0.01875 0.0203125
0 0.54453125 0.53359375 0.0171875 0.0234375
0 0.553125 0.56875 0.01875 0.03984375
0 0.621875 0.55078125 0.0265625 0.01875
0 0.6609375 0.54453125 0.0453125 0.02734375
0 0.72265625 0.58359375 0.034375 0.03359375
0 0.59453125 0.515625 0.028125 0.021875
0 0.62890625 0.50703125 0.0234375 0.01796875
0 0.4140625 0.5171875 0.0234375 0.0109375
0 0.66484375 0.584375 0.07734375 0.03359375
0 0.67265625 0.56484375 0.03828125 0.02265625
0 0.6171875 0.53671875 0.02578125 0.0140625
0 0.58515625 0.534375 0.009375 0.00703125
0 0.5328125 0.49375 0.028125 0.0234375
0 0.52890625 0.46015625 0.01171875 0.0171875
0 0.525 0.51328125 0.01171875 0.0078125
0 0.38203125 0.5421875 0.04296875 0.02109375
0 0.434375 0.4953125 0.01640625 0.009375
0 0.4453125 0.4890625 0.00859375 0.00546875
0 0.45859375 0.4765625 0.015625 0.00546875
0 0.45390625 0.4828125 0.009375 0.00390625
0 0.471875 0.46640625 0.0109375 0.00390625
0 0.41796875 0.50078125 0.00546875 0.00703125
0 0.525 0.434375 0.003125 0.00234375
0 0.53046875 0.47265625 0.01640625 0.00625
0 0.59296875 0.49765625 0.03828125 0.0140625
0 0.60859375 0.48671875 0.00625 0.0046875
0 0.57421875 0.46875 0.01640625 0.00703125
0 0.58046875 0.48125 0.02265625 0.0171875
0 0.56171875 0.4703125 0.01171875 0.00625
0 0.553125 0.44765625 0.01640625 0.0078125
0 0.5515625 0.4546875 0.02109375 0.00625
0 0.5671875 0.459375 0.01875 0.00546875
0 0.30859375 0.59375 0.04453125 0.02890625