0 0.30859375 0.6140625 0.03671875 0.01328125
0 0.3390625 0.59140625 0.040625 0.021875
0 0.371875 0.56796875 0.03046875 0.015625
0 0.4 0.5625 0.02109375 0.00859375
0 0.38515625 0.52734375 0.0234375 0.01875
0 0.43359375 0.5234375 0.04140625 0.0125
0 0.4703125 0.48828125 0.0171875 0.01328125
0 0.521875 0.52421875 0.0265625 0.02265625
0 0.69140625 0.58984375 0.034375 0.02421875
0 0.575 0.584375 0.02109375 0.01171875
0 0.6328125 0.60078125 0.01484375 0.0109375
0 0.53359375 0.46875 0.028125 0.00859375
0 0.5484375 0.484375 0.01953125 0.00703125
0 0.53203125 0.509375 0.01328125 0.0078125
0 0.5734375 0.47421875 0.0140625 0.00625