0 0.625 0.58984375 0.0484375 0.0328125
0 0.678125 0.590625 0.0296875 0.02265625
0 0.5703125 0.56796875 0.04921875 0.03203125
0 0.42421875 0.58359375 0.034375 0.0171875
0 0.403125 0.60546875 0.04765625 0.02265625
0 0.384375 0.58671875 0.02578125 0.0125
0 0.32421875 0.6078125 0.0390625 0.0203125
0 0.4046875 0.5390625 0.02578125 0.01484375
0 0.4109375 0.55 0.028125 0.01328125
0 0.440625 0.55625 0.0125 0.00703125
0 0.4078125 0.56640625 0.0078125 0.0078125
0 0.46640625 0.50234375 0.02109375 0.00859375
0 0.45078125 0.5015625 0.00859375 0.00546875
0 0.46015625 0.52109375 0.0359375 0.009375
0 0.4875 0.4921875 0.02265625 0.00625
0 0.46484375 0.484375 0.00859375 0.00546875
0 0.48515625 0.47890625 0.02109375 0.01328125
0 0.49296875 0.46484375 0.0140625 0.0046875
0 0.4984375 0.45859375 0.01015625 0.0046875
0 0.5078125 0.45 0.0125 0.00390625
0 0.3734375 0.5765625 0.01640625 0.01484375
0 0.3828125 0.55625 0.02109375 0.0171875
0 0.703125 0.5796875 0.01796875 0.01484375
0 0.74140625 0.58984375 0.04609375 0.03515625
0 0.7390625 0.5640625 0.040625 0.02890625
0 0.69296875 0.55234375 0.03515625 0.02578125
0 0.66484375 0.525 0.040625 0.02578125
0 0.6328125 0.528125 0.02734375 0.0203125
0 0.58046875 0.53515625 0.0265625 0.01484375
0 0.58671875 0.51953125 0.01171875 0.00625
0 0.58515625 0.50546875 0.0875 0.02109375
0 0.56328125 0.48515625 0.02109375 0.01875
0 0.59375 0.48125 0.00859375 0.00703125
0 0.584375 0.46953125 0.01875 0.00859375
0 0.5515625 0.4734375 0.00625 0.00390625
0 0.55078125 0.478125 0.00546875 0.00390625
0 0.54765625 0.46171875 0.00546875 0.00390625
0 0.54375 0.44609375 0.0046875 0.003125
0 0.5140625 0.4453125 0.00625 0.00546875
0 0.51796875 0.44296875 0.003125 0.003125
0 0.52265625 0.43984375 0.00390625 0.00234375
0 0.52578125 0.4359375 0.0015625 0.00234375
0 0.5609375 0.45546875 0.00546875 0.00390625
0 0.55078125 0.453125 0.00703125 0.003125
0 0.603125 0.46796875 0.01640625 0.00703125
0 0.5671875 0.44140625 0.00625 0.00390625
0 0.56484375 0.434375 0.00625 0.003125
0 0.55078125 0.4421875 0.0046875 0.00546875