0 0.30234375 0.61171875 0.06484375 0.04140625
0 0.3234375 0.58125 0.06015625 0.02421875
0 0.3640625 0.5515625 0.021875 0.015625
0 0.55078125 0.5953125 0.0703125 0.03984375
0 0.6125 0.58671875 0.028125 0.0125
0 0.61796875 0.55625 0.03359375 0.0140625
0 0.55625 0.52421875 0.04765625 0.01640625
0 0.59140625 0.51015625 0.02578125 0.015625
0 0.5546875 0.4984375 0.0375 0.01796875
0 0.68515625 0.58359375 0.02734375 0.01640625
0 0.4609375 0.5421875 0.05078125 0.0265625
0 0.4640625 0.5265625 0.00703125 0.00546875
0 0.47578125 0.4875 0.025 0.00703125
0 0.4671875 0.46875 0.01484375 0.00625
0 0.4765625 0.47734375 0.01796875 0.00625
0 0.4609375 0.4796875 0.01328125 0.00625
0 0.55078125 0.4453125 0.00625 0.003125
0 0.540625 0.44453125 0.003125 0.0015625