0 0.59296875 0.58671875 0.05 0.02578125
0 0.64765625 0.59453125 0.040625 0.021875
0 0.31328125 0.59375 0.0703125 0.04296875
0 0.38046875 0.5296875 0.04921875 0.0296875
0 0.43203125 0.54453125 0.03359375 0.0140625
0 0.40390625 0.50078125 0.01953125 0.01171875
0 0.4375 0.4890625 0.0296875 0.0109375
0 0.45078125 0.47421875 0.0140625 0.00703125
0 0.50859375 0.59765625 0.0765625 0.0359375
0 0.53984375 0.56640625 0.028125 0.02109375
0 0.6125 0.54921875 0.03125 0.03359375
0 0.5125 0.48515625 0.01640625 0.00546875
0 0.55625 0.48125 0.01171875 0.0046875
0 0.56953125 0.48984375 0.021875 0.0078125
0 0.52109375 0.49609375 0.0265625 0.01328125
0 0.5234375 0.5140625 0.028125 0.00859375
0 0.528125 0.53828125 0.0484375 0.01953125
0 0.59609375 0.52578125 0.03125 0.01640625
0 0.40625 0.5546875 0.0109375 0.0078125
0 0.34765625 0.56484375 0.0125 0.00703125
0 0.34140625 0.54921875 0.00703125 0.00546875
0 0.590625 0.5078125 0.025 0.01015625
0 0.55 0.465625 0.021875 0.00859375
0 0.534375 0.446875 0.00546875 0.00234375
0 0.546875 0.45 0.01015625 0.00546875