0 0.3453125 0.603125 0.05234375 0.025
0 0.30078125 0.6140625 0.0390625 0.01328125
0 0.3484375 0.57578125 0.06015625 0.01953125
0 0.40078125 0.51953125 0.03359375 0.0140625
0 0.4296875 0.49609375 0.04453125 0.009375
0 0.35546875 0.55390625 0.00859375 0.00859375
0 0.36953125 0.540625 0.00703125 0.00546875
0 0.3828125 0.53828125 0.01015625 0.00859375
0 0.3984375 0.5578125 0.0125 0.0078125
0 0.5390625 0.54609375 0.05234375 0.03125
0 0.54296875 0.51875 0.0640625 0.01796875
0 0.5296875 0.5015625 0.03125 0.0140625
0 0.57890625 0.5 0.02734375 0.01484375
0 0.59765625 0.5234375 0.03359375 0.01171875
0 0.6203125 0.55 0.059375 0.01953125
0 0.61796875 0.56640625 0.02421875 0.015625
0 0.62421875 0.58125 0.05234375 0.0140625
0 0.615625 0.53671875 0.015625 0.0109375
0 0.64296875 0.53203125 0.04296875 0.0203125
0 0.5953125 0.5328125 0.0078125 0.00546875
0 0.6 0.50234375 0.0109375 0.00703125
0 0.5796875 0.5734375 0.0171875 0.01171875
0 0.6546875 0.596875 0.04140625 0.0203125
0 0.6734375 0.584375 0.021875 0.0140625
0 0.6875 0.60078125 0.015625 0.0109375
0 0.7 0.5890625 0.0234375 0.00859375
0 0.53828125 0.60546875 0.028125 0.01875
0 0.53125 0.571875 0.01796875 0.01796875
0 0.5484375 0.49140625 0.02265625 0.01015625
0 0.52578125 0.48359375 0.01953125 0.00859375
0 0.45390625 0.471875 0.02265625 0.00703125
0 0.4640625 0.4625 0.01171875 0.00390625
0 0.46171875 0.4578125 0.01015625 0.00390625
0 0.46640625 0.4546875 0.01015625 0.0046875
0 0.47734375 0.45078125 0.0078125 0.003125
0 0.52421875 0.471875 0.01796875 0.01015625
0 0.50859375 0.4625 0.0046875 0.0015625
0 0.4265625 0.4875 0.01015625 0.0046875
0 0.44296875 0.48125 0.01640625 0.0078125
0 0.6078125 0.59921875 0.0484375 0.015625
0 0.56875 0.596875 0.02578125 0.0171875
0 0.37265625 0.54765625 0.01875 0.00703125
0 0.30234375 0.59453125 0.03203125 0.021875
0 0.40703125 0.509375 0.00625 0.00546875
0 0.55078125 0.46640625 0.00546875 0.0046875
0 0.5578125 0.47578125 0.00703125 0.00390625
0 0.55859375 0.48203125 0.00703125 0.00390625
0 0.59609375 0.47578125 0.003125 0.003125
0 0.73515625 0.5921875 0.03203125 0.025
0 0.71171875 0.5765625 0.00546875 0.00859375
0 0.67890625 0.54453125 0.0109375 0.01015625