0 0.33359375 0.571875 0.08984375 0.0296875
0 0.36875 0.5359375 0.0265625 0.01015625
0 0.37578125 0.55 0.01171875 0.00625
0 0.34609375 0.53203125 0.0296875 0.0125
0 0.37109375 0.5296875 0.0140625 0.00546875
0 0.35 0.515625 0.0140625 0.00546875
0 0.3828125 0.5109375 0.00703125 0.0046875
0 0.37109375 0.521875 0.02421875 0.0109375
0 0.3578125 0.51953125 0.00859375 0.00234375
0 0.3765625 0.4984375 0.0265625 0.01328125
0 0.40390625 0.49921875 0.00859375 0.0046875
0 0.39140625 0.5109375 0.00546875 0.003125
0 0.3890625 0.51328125 0.0046875 0.00390625
0 0.43359375 0.46953125 0.02109375 0.00546875
0 0.42265625 0.47734375 0.02109375 0.00703125
0 0.40625 0.4734375 0.00703125 0.00546875
0 0.52421875 0.5734375 0.015625 0.01328125
0 0.50078125 0.60859375 0.05 0.01484375
0 0.49765625 0.53359375 0.03125 0.01484375
0 0.48828125 0.45625 0.00703125 0.00390625
0 0.50625 0.4515625 0.00625 0.00390625
0 0.49609375 0.44921875 0.00625 0.00234375
0 0.47734375 0.45078125 0.009375 0.003125
0 0.47578125 0.46484375 0.01328125 0.0171875
0 0.49375 0.44375 0.0078125 0.003125