0 0.58828125 0.60390625 0.04921875 0.02890625
0 0.578125 0.57734375 0.0625 0.03671875
0 0.59140625 0.55703125 0.0265625 0.0203125
0 0.64375 0.56953125 0.0234375 0.01796875
0 0.6625 0.57890625 0.03125 0.0171875
0 0.68515625 0.5609375 0.040625 0.01796875
0 0.31875 0.596875 0.0171875 0.015625
0 0.3625 0.59375 0.01484375 0.0109375
0 0.34453125 0.5734375 0.02734375 0.02265625
0 0.384375 0.56875 0.03203125 0.028125
0 0.39921875 0.5453125 0.05625 0.01953125
0 0.4078125 0.52734375 0.04921875 0.01640625
0 0.53984375 0.5578125 0.0125 0.015625
0 0.53984375 0.53828125 0.0125 0.00859375
0 0.6015625 0.5171875 0.04140625 0.0296875
0 0.61640625 0.50078125 0.02421875 0.00859375
0 0.54140625 0.51171875 0.03984375 0.01640625
0 0.53671875 0.49609375 0.0265625 0.0125
0 0.534375 0.484375 0.025 0.0125
0 0.43515625 0.4984375 0.03125 0.0109375
0 0.453125 0.48203125 0.0296875 0.0109375
0 0.46953125 0.46484375 0.0203125 0.0078125
0 0.4765625 0.45703125 0.01015625 0.003125
0 0.47578125 0.4546875 0.0078125 0.00390625
0 0.4828125 0.4515625 0.0046875 0.0078125
0 0.48828125 0.446875 0.0078125 0.00546875
0 0.53046875 0.4640625 0.015625 0.00859375
0 0.559375 0.49375 0.02265625 0.01171875
0 0.55078125 0.47578125 0.01875 0.0078125
0 0.57734375 0.48125 0.02109375 0.01171875
0 0.62890625 0.5453125 0.0375 0.021875
0 0.66171875 0.5453125 0.02109375 0.01171875
0 0.6875 0.59921875 0.01875 0.009375
0 0.765625 0.60390625 0.01953125 0.01171875
0 0.640625 0.5921875 0.02421875 0.01953125