0 0.3578125 0.55625 0.0625 0.0296875
0 0.5453125 0.5875 0.07734375 0.05
0 0.565625 0.55078125 0.05703125 0.03515625
0 0.53125 0.528125 0.04375 0.025
0 0.55390625 0.5171875 0.03515625 0.0140625
0 0.52578125 0.496875 0.03125 0.02421875
0 0.6359375 0.578125 0.06328125 0.03828125
0 0.6796875 0.58828125 0.0171875 0.01796875
0 0.58671875 0.525 0.021875 0.01953125
0 0.4328125 0.49453125 0.0390625 0.015625
0 0.446875 0.47734375 0.02265625 0.0109375
0 0.27578125 0.63125 0.04765625 0.01328125
0 0.303125 0.59765625 0.0109375 0.01796875
0 0.375 0.52578125 0.01015625 0.00703125
0 0.50859375 0.478125 0.01015625 0.00625
0 0.45625 0.4625 0.01171875 0.00703125
0 0.471875 0.45859375 0.00703125 0.00703125
0 0.4734375 0.45234375 0.00703125 0.00546875
0 0.56484375 0.484375 0.0078125 0.015625
0 0.58203125 0.50703125 0.0109375 0.00625
0 0.50625 0.503125 0.00703125 0.00546875
0 0.63828125 0.50703125 0.00703125 0.0046875
0 0.6453125 0.52265625 0.00625 0.00625
0 0.65 0.5296875 0.003125 0.00546875
0 0.6109375 0.5375 0.01640625 0.0140625
0 0.6359375 0.54296875 0.0140625 0.009375
0 0.4046875 0.51640625 0.028125 0.0140625