0 0.4484375 0.54140625 0.03125 0.01640625
0 0.48359375 0.5390625 0.028125 0.01015625
0 0.50859375 0.55078125 0.03359375 0.01328125
0 0.54765625 0.53984375 0.01328125 0.00859375
0 0.6203125 0.5109375 0.0328125 0.01328125
0 0.590625 0.56328125 0.01171875 0.0078125
0 0.61953125 0.5921875 0.034375 0.01796875
0 0.76953125 0.51015625 0.02421875 0.0109375
0 0.9078125 0.55546875 0.053125 0.021875
0 0.87578125 0.590625 0.05625 0.028125
0 0.5015625 0.60390625 0.05859375 0.021875
0 0.34375 0.571875 0.03125 0.01640625
0 0.440625 0.60546875 0.05234375 0.01796875
0 0.38828125 0.6078125 0.04921875 0.0203125