0 0.892021484375 0.637296875 0.032734375 0.0475
0 0.90763671875 0.6998125 0.040537109375 0.047531250000000004
0 0.69771484375 0.31843750000000004 0.06208984375 0.041046875
0 0.964189453125 0.8920781249999999 0.071611328125 0.14454687500000002
0 0.175341796875 0.085546875 0.056416015625 0.019015625
0 0.096259765625 0.09962499999999999 0.0701171875 0.04090625
0 0.8305078125 0.39346875 0.01517578125 0.02859375
0 0.796474609375 0.446390625 0.014931640625 0.009765625
0 0.83478515625 0.52334375 0.020927734375 0.024234375
0 0.98765625 0.339984375 0.0246875 0.018109375
0 0.87947265625 0.31053125000000004 0.03517578125 0.04575
0 0.9440625 0.2876875 0.027646484375 0.02409375
0 0.74615234375 0.311125 0.023955078125 0.01809375
0 0.775068359375 0.451796875 0.0201953125 0.018187500000000002