0 0.46953125 0.609375 0.04296875 0.16015625
0 0.515625 0.44609375 0.0640625 0.1671875
0 0.78125 0.45 0.0578125 0.0453125
0 0.08046875 0.325 0.0421875 0.0421875
0 0.29921875 0.09921875 0.03359375 0.021875
0 0.78046875 0.62421875 0.01953125 0.06796875
0 0.89140625 0.671875 0.015625 0.0375
0 0.840625 0.9546875 0.01484375 0.02734375
0 0.746875 0.2765625 0.0265625 0.0671875
0 0.5109375 0.2515625 0.05 0.13203125
0 0.66953125 0.20625 0.05390625 0.11640625
0 0.49609375 0.11953125 0.02265625 0.0234375
0 0.54453125 0.03828125 0.0703125 0.03125