0 0.0421875 0.76015625 0.084375 0.2546875
0 0.1109375 0.6296875 0.0546875 0.1203125
0 0.17578125 0.4796875 0.13984375 0.17890625
0 0.38359375 0.96953125 0.1171875 0.06015625
0 0.390625 0.871875 0.09453125 0.12734375
0 0.40859375 0.7265625 0.1171875 0.18046875
0 0.50234375 0.52109375 0.12265625 0.31953125
0 0.53515625 0.28828125 0.06015625 0.0890625
0 0.26640625 0.34609375 0.0671875 0.0890625
0 0.3375 0.253125 0.13984375 0.13203125
0 0.4203125 0.1375 0.06171875 0.0734375
0 0.48515625 0.028125 0.0546875 0.05546875
0 0.44921875 0.065625 0.0421875 0.0515625
0 0.31796875 0.08671875 0.078125 0.04921875
0 0.40625 0.06328125 0.10625 0.1046875
0 0.26640625 0.18046875 0.153125 0.0984375
0 0.146875 0.425 0.29375 0.453125
0 0.5453125 0.16640625 0.103125 0.22578125
0 0.66328125 0.0734375 0.1078125 0.146875
0 0.784375 0.4375 0.225 0.45546875
0 0.84296875 0.76484375 0.06953125 0.1765625
0 0.92578125 0.6921875 0.0375 0.05390625
0 0.95 0.74453125 0.05 0.06484375
0 0.9625 0.88828125 0.07421875 0.2234375
0 0.8953125 0.959375 0.06171875 0.08125