0 0.35703125 0.56640625 0.07890625 0.0359375
0 0.37265625 0.609375 0.040625 0.02421875
0 0.3296875 0.60234375 0.0390625 0.02890625
0 0.49921875 0.5734375 0.0375 0.02890625
0 0.415625 0.5515625 0.02734375 0.021875
0 0.58046875 0.56953125 0.0390625 0.0265625
0 0.659375 0.5515625 0.06640625 0.028125
0 0.653125 0.5890625 0.0390625 0.0234375
0 0.70703125 0.59140625 0.053125 0.02890625
0 0.78359375 0.5515625 0.0390625 0.03046875
0 0.690625 0.52109375 0.021875 0.009375
0 0.57109375 0.53828125 0.053125 0.02734375
0 0.546875 0.48671875 0.03046875 0.0125
0 0.55 0.5015625 0.02265625 0.0109375
0 0.56484375 0.5203125 0.02421875 0.01171875
0 0.56484375 0.509375 0.02109375 0.01171875
0 0.40234375 0.53515625 0.01796875 0.00859375
0 0.45078125 0.49375 0.0140625 0.01171875
0 0.61328125 0.5171875 0.01484375 0.0078125
0 0.6375 0.50234375 0.02734375 0.015625
0 0.63828125 0.48125 0.02578125 0.0125
0 0.58828125 0.4875 0.0296875 0.025
0 0.49375 0.47421875 0.0140625 0.00625
0 0.48671875 0.45390625 0.01875 0.0078125
0 0.4234375 0.5234375 0.01328125 0.009375
0 0.42265625 0.50859375 0.01171875 0.009375
0 0.47265625 0.46796875 0.02890625 0.00859375
0 0.58984375 0.60546875 0.021875 0.00859375