0 0.353125 0.58125 0.03046875 0.0109375
0 0.38671875 0.58984375 0.05 0.01875
0 0.43671875 0.55546875 0.04296875 0.01640625
0 0.40859375 0.5265625 0.01484375 0.01640625
0 0.56484375 0.59453125 0.06875 0.03515625
0 0.67890625 0.584375 0.053125 0.03515625
0 0.6390625 0.590625 0.0234375 0.01171875
0 0.73359375 0.590625 0.03359375 0.028125
0 0.5734375 0.54140625 0.04296875 0.05546875
0 0.4453125 0.5109375 0.03828125 0.0171875
0 0.62734375 0.52890625 0.0140625 0.009375
0 0.61796875 0.52265625 0.01953125 0.01328125
0 0.64765625 0.521875 0.0234375 0.0125
0 0.596875 0.5 0.03671875 0.025
0 0.54921875 0.48984375 0.02890625 0.01171875
0 0.54609375 0.51171875 0.01015625 0.01640625
0 0.54765625 0.47265625 0.0234375 0.0078125
0 0.5484375 0.48046875 0.0265625 0.0078125
0 0.58359375 0.4703125 0.02265625 0.01171875
0 0.46171875 0.48359375 0.01875 0.00859375
0 0.47421875 0.471875 0.02421875 0.00703125
0 0.48671875 0.46015625 0.0171875 0.009375
0 0.49453125 0.45078125 0.00703125 0.00625
0 0.54140625 0.46015625 0.0125 0.0140625
0 0.66953125 0.5515625 0.02578125 0.0203125
0 0.69296875 0.5390625 0.0265625 0.02578125
0 0.6375 0.53984375 0.02109375 0.01328125
0 0.6078125 0.5390625 0.01171875 0.00625
0 0.3421875 0.6078125 0.04921875 0.0203125