0 0.71953125 0.57890625 0.0671875 0.04375
0 0.70625 0.50703125 0.0359375 0.01796875
0 0.7265625 0.53359375 0.0359375 0.021875
0 0.615625 0.50546875 0.04140625 0.01953125
0 0.62578125 0.53984375 0.04140625 0.02265625
0 0.578125 0.571875 0.040625 0.0203125
0 0.6328125 0.51953125 0.0203125 0.01015625
0 0.5578125 0.51796875 0.03046875 0.015625
0 0.5546875 0.50078125 0.0375 0.0140625
0 0.6640625 0.58203125 0.03359375 0.02890625
0 0.28984375 0.6078125 0.0671875 0.05625
0 0.3453125 0.55625 0.04921875 0.02421875
0 0.42734375 0.53671875 0.02421875 0.0125
0 0.4046875 0.51875 0.040625 0.01484375
0 0.609375 0.46796875 0.03203125 0.00703125
0 0.6109375 0.4828125 0.021875 0.0109375
0 0.571875 0.47265625 0.0125 0.0109375
0 0.50234375 0.51640625 0.025 0.01953125
0 0.48828125 0.45 0.01484375 0.00546875
0 0.43203125 0.503125 0.015625 0.00546875
0 0.44375 0.50859375 0.0140625 0.01171875
0 0.4609375 0.4765625 0.0078125 0.009375
0 0.54921875 0.4859375 0.01875 0.00546875
0 0.5328125 0.4734375 0.01328125 0.00625
0 0.5875 0.48984375 0.01640625 0.00859375
0 0.6421875 0.49453125 0.0125 0.00546875
0 0.6 0.53046875 0.0203125 0.02109375