0 0.38203125 0.55 0.0359375 0.01640625
0 0.565625 0.5875 0.028125 0.0328125
0 0.60546875 0.6 0.02578125 0.01328125
0 0.7484375 0.5984375 0.05078125 0.03125
0 0.62890625 0.55625 0.03671875 0.03046875
0 0.62734375 0.59453125 0.015625 0.01328125
0 0.659375 0.5890625 0.01875 0.01953125
0 0.671875 0.53984375 0.0328125 0.021875
0 0.68671875 0.596875 0.01875 0.01640625
0 0.63515625 0.5265625 0.02734375 0.01796875
0 0.55078125 0.521875 0.02421875 0.01328125
0 0.53984375 0.5078125 0.03984375 0.0203125
0 0.5890625 0.47578125 0.01875 0.009375
0 0.6 0.5015625 0.0109375 0.00703125
0 0.6 0.51640625 0.01171875 0.00546875
0 0.5578125 0.45859375 0.01796875 0.00625
0 0.5296875 0.4609375 0.00859375 0.00859375
0 0.53671875 0.48359375 0.0203125 0.01171875
0 0.4546875 0.4859375 0.01484375 0.00625
0 0.4453125 0.4953125 0.01015625 0.00546875
0 0.4328125 0.50390625 0.01484375 0.00546875
0 0.421875 0.51484375 0.01796875 0.00703125
0 0.3953125 0.51796875 0.0046875 0.00625
0 0.32734375 0.58984375 0.059375 0.02734375