0 0.31953125 0.61015625 0.07109375 0.0359375
0 0.30078125 0.5875 0.04453125 0.01953125
0 0.5109375 0.54375 0.04765625 0.02578125
0 0.58671875 0.58125 0.03515625 0.01875
0 0.5546875 0.61015625 0.01640625 0.01484375
0 0.56875 0.534375 0.0390625 0.0140625
0 0.371875 0.54140625 0.059375 0.03046875
0 0.45625 0.51640625 0.03125 0.01484375
0 0.403125 0.50234375 0.03359375 0.01328125
0 0.42109375 0.4875 0.0203125 0.01171875
0 0.44765625 0.4796875 0.0203125 0.015625
0 0.63359375 0.57890625 0.053125 0.05546875
0 0.60546875 0.5375 0.02578125 0.0125
0 0.5125 0.4765625 0.0109375 0.00703125
0 0.46015625 0.46796875 0.01015625 0.00546875
0 0.57265625 0.47421875 0.0203125 0.009375
0 0.521875 0.4609375 0.0078125 0.00546875
0 0.46953125 0.45625 0.00859375 0.003125