0 0.38046875 0.5453125 0.059375 0.021875
0 0.41640625 0.5078125 0.021875 0.01328125
0 0.54375 0.5546875 0.0421875 0.0296875
0 0.525 0.56953125 0.034375 0.01640625
0 0.54921875 0.58671875 0.0390625 0.0265625
0 0.6046875 0.59375 0.02109375 0.01796875
0 0.5140625 0.5109375 0.0359375 0.01796875
0 0.5671875 0.5296875 0.02421875 0.01328125
0 0.60078125 0.5328125 0.0140625 0.03203125
0 0.64765625 0.5921875 0.04453125 0.04609375
0 0.37421875 0.6 0.02578125 0.0109375
0 0.34609375 0.571875 0.040625 0.02265625
0 0.4265625 0.48828125 0.025 0.01328125
0 0.4421875 0.47734375 0.01875 0.009375
0 0.4421875 0.4859375 0.00625 0.01484375
0 0.45703125 0.471875 0.0203125 0.00703125
0 0.46484375 0.4609375 0.0078125 0.00625
0 0.5171875 0.46875 0.0171875 0.0109375
0 0.5875 0.5078125 0.01953125 0.01171875
0 0.55703125 0.50546875 0.02265625 0.009375
0 0.3125 0.5953125 0.0390625 0.02734375