0 0.5625 0.5765625 0.03203125 0.03671875
0 0.546875 0.54140625 0.05625 0.04296875
0 0.671875 0.57890625 0.07734375 0.04453125
0 0.7390625 0.59453125 0.03515625 0.03125
0 0.6703125 0.5515625 0.025 0.0171875
0 0.62578125 0.53046875 0.01796875 0.01328125
0 0.60078125 0.48984375 0.0234375 0.01640625
0 0.54140625 0.50390625 0.03125 0.01875
0 0.58203125 0.47109375 0.03203125 0.01328125
0 0.3 0.6234375 0.04921875 0.025
0 0.40625 0.5296875 0.0140625 0.021875
0 0.425 0.51328125 0.0171875 0.01796875
0 0.4390625 0.49921875 0.01875 0.0140625
0 0.6046875 0.5078125 0.01328125 0.01171875
0 0.621875 0.51484375 0.0109375 0.00546875
0 0.58125 0.49140625 0.00625 0.00703125
0 0.5375 0.47421875 0.009375 0.00625
0 0.3671875 0.55546875 0.0546875 0.02890625