0 0.6125 0.59296875 0.0515625 0.02265625
0 0.52890625 0.55703125 0.078125 0.03671875
0 0.48515625 0.5984375 0.046875 0.0234375
0 0.39453125 0.528125 0.0703125 0.0234375
0 0.36640625 0.6 0.05703125 0.0359375
0 0.3109375 0.57421875 0.03515625 0.01953125
0 0.2515625 0.59921875 0.05 0.034375
0 0.56171875 0.596875 0.04921875 0.02734375
0 0.39140625 0.503125 0.025 0.0078125
0 0.41328125 0.50546875 0.01953125 0.0109375
0 0.39375 0.49375 0.0046875 0.00625
0 0.409375 0.48125 0.02421875 0.00859375
0 0.4171875 0.490625 0.0046875 0.00390625
0 0.40859375 0.49609375 0.0234375 0.0078125
0 0.42578125 0.49140625 0.00546875 0.0046875
0 0.434375 0.4828125 0.00546875 0.00390625
0 0.42421875 0.48515625 0.00234375 0.00390625
0 0.4296875 0.46328125 0.00625 0.0046875
0 0.45078125 0.4609375 0.01328125 0.00390625
0 0.43828125 0.4703125 0.0078125 0.00859375
0 0.5015625 0.45078125 0.00625 0.003125
0 0.5171875 0.44765625 0.00546875 0.00234375
0 0.50703125 0.4453125 0.00390625 0.00234375
0 0.48828125 0.44609375 0.003125 0.00234375
0 0.50703125 0.440625 0.00390625 0.0015625