0 0.6109375 0.49609375 0.22109375 0.1515625
0 0.35 0.39375 0.12265625 0.11640625
0 0.14609375 0.3171875 0.28046875 0.14765625
0 0.07421875 0.60703125 0.14765625 0.27578125
0 0.23515625 0.65390625 0.0765625 0.10625
0 0.2734375 0.75234375 0.11484375 0.13828125
0 0.12109375 0.778125 0.10234375 0.09453125
0 0.5921875 0.81875 0.18359375 0.1765625
0 0.621875 0.3140625 0.19296875 0.13671875
0 0.3453125 0.59140625 0.13125 0.13203125
0 0.4625 0.5734375 0.05390625 0.11484375
0 0.3765625 0.20234375 0.08671875 0.12734375
0 0.4734375 0.92578125 0.08515625 0.0953125
0 0.703125 0.9640625 0.121875 0.071875
0 0.7796875 0.8375 0.15625 0.15703125
0 0.7453125 0.671875 0.078125 0.14609375
0 0.79609375 0.50859375 0.07265625 0.20390625